0,697
0,696
0,695
0,694
0,693
19,98
19,165
19,93
19,164
19,95
19,163
19,83
19,162
19,86
19,161
19,160
19,159
19,90
19,158
19,157
19,55
19,87
19,156
19,155
19,84
19,154
19,79
19,153
19,82
19,152
19,151
19,65
19,150
19,81
19,149
19,75
19,148
19,147
19,67
19,146
19,76
19,145
19,144
19,74
19,31
19,143
19,142
19,71
19,323
19,141
0,692
19,140
19,139
0,691
19,47
19,138
19,66
0,690
19,137
0,689
19,136
19,28
19,135
19,324
0,688
19,134
0,687
19,133
0,686
19,15
0,685
19,63
19,322
19,51
19,321
19,320
19,32
19,59
19,11
19,48
19,20
19,44
19,39
19,21
19,34
19,9
19,17
19,13
19,8
19,4
19,23
19,52
19,36
19,259
19,38
19,50
19,58
19,54
19,57
19,60
19,131
19,261
19,129
19,256
19,262
0,831
0,830
0,829
0,828
0,827
0,826
0,825
0,824
0,823
0,822
0,821
0,820
0,819
0,818
0,817
0,816
0,815
0,814
0,813
0,812
0,811
0,810
0,809
0,808
0,807
0,806
0,805
0,804
0,803
0,802
0,801
0,800
0,799
0,798
0,797
0,796
0,795
0,794
0,793
0,792
0,791
0,790
0,789
0,788
0,787
0,786
0,785
0,784
0,783
0,782
0,781
0,780
0,779
0,778
0,777
0,776
0,775
0,774
0,773
0,772
0,771
0,770
0,769
0,768
0,684
16,331
16,330
16,327
16,329
16,328
16,563
16,478
16,477
16,437
16,320
16,326
16,569
16,476
16,325
16,567
16,324
16,547
16,528
16,323
16,572
16,322
16,475
16,394
16,321
16,561
16,415
16,474
16,575
16,389
16,574
16,573
16,406
16,48
16,571
16,560
16,473
16,527
16,570
16,562
16,559
16,472
16,568
0,683
16,558
16,566
16,16
16,471
16,565
16,554
16,470
16,564
16,543
16,469
16,557
16,396
16,468
16,541
16,550
16,549
0,682
16,467
16,555
16,556
16,552
16,407
16,466
16,553
16,544
16,465
16,424
16,551
16,535
16,464
16,540
16,548
16,539
16,411
16,537
16,463
0,681
16,546
16,536
16,462
16,545
16,31
16,521
16,461
16,542
16,460
16,20
16,531
16,530
16,538
16,408
16,459
0,680
16,524
16,458
16,529
16,457
16,534
16,35
16,533
16,24
16,532
16,438
16,456
16,518
16,520
16,455
16,516
0,679
16,454
16,526
16,50
16,525
16,513
16,453
16,523
16,426
16,522
16,412
16,452
16,446
16,519
16,451
16,53
16,442
16,450
16,517
16,439
0,678
16,515
16,61
16,514
16,449
16,435
16,512
16,448
16,447
16,388
16,432
16,445
16,444
16,443
16,22
16,428
16,441
16,413
16,440
16,405
0,677
16,436
16,420
16,434
16,34
16,433
16,416
16,431
16,430
16,429
16,409
16,427
0,676
16,425
16,423
16,45
16,422
16,421
16,419
16,402
16,418
16,417
16,399
16,414
16,387
16,25
16,410
16,393
16,63
16,57
16,404
0,675
16,403
16,59
16,401
16,32
16,400
16,391
16,398
16,397
16,395
16,46
16,55
16,392
16,390
16,54
16,15
16,386
0,674
16,385
16,384
16,52
16,38
16,40
16,36
16,18
0,673
16,43
16,29
16,21
16,27
16,23
16,19
0,672
16,10
16,8
16,7
16,6
16,5
16,9
16,4
16,92
16,110
16,42
16,130
16,101
16,74
16,71
16,65
16,73
16,82
16,99
16,96
16,144
16,87
16,88
16,98
16,95
16,85
16,105
16,86
16,118
16,129
16,111
16,128
16,122
16,76
16,91
16,134
16,140
16,155
16,136
16,116
16,137
16,141
16,39
16,142
16,117
16,149
16,146
16,158
16,152
16,184
16,151
16,162
16,156
16,153
16,159
16,171
16,164
16,77
16,132
16,182
16,175
16,69
16,188
16,177
16,94
0,745
0,744
0,743
0,742
0,741
0,740
0,739
0,738
0,737
0,736
0,735
0,734
0,733
0,732
0,731
0,730
0,729
0,728
0,727
0,726
0,725
0,724
0,723
0,722
0,721
0,720
0,719
0,718
0,717
0,716
0,715
0,714
0,713
0,712
0,711
0,710
0,709
0,708
0,707
0,706
0,705
0,704
0,671
0,670
0,669
0,668
0,667
0,666
0,665
0,664
0,663
0,662
0,661
0,660
0,659
0,658
0,657
0,656
0,655
0,654
0,653
0,652
0,651
0,650
0,649
0,648
0,647
0,646
0,645
0,644
0,643
0,642
0,641
0,640
0,511
0,510
0,509
0,508
0,507
0,506
0,505
0,504
0,503
11,246
11,241
11,316
11,245
11,240
11,314
11,286
0,502
11,223
11,233
11,219
11,228
11,227
11,217
11,213
11,298
0,501
11,210
11,216
11,284
11,56
11,300
11,319
11,214
11,215
11,53
11,203
11,313
11,303
11,211
0,500
11,201
11,293
11,192
11,204
11,207
11,206
11,197
11,294
11,205
11,36
0,499
11,199
11,296
11,198
11,195
11,194
11,315
11,287
11,306
0,498
11,318
11,317
11,310
11,312
11,311
11,60
11,275
0,497
11,288
11,309
11,308
11,28
11,62
11,304
11,271
11,305
11,301
11,297
11,302
11,299
0,496
11,307
11,279
11,289
11,283
11,291
11,285
11,282
11,290
0,495
11,46
11,278
11,25
11,295
11,261
11,292
11,277
11,276
11,274
11,269
0,494
11,26
11,268
11,63
11,55
11,263
11,262
11,58
0,493
11,59
11,50
11,48
11,47
11,27
0,492
11,37
11,24
11,42
11,29
11,33
11,35
11,31
11,11
11,10
11,9
11,8
11,7
11,6
11,5
11,4
0,491
11,34
11,32
11,30
11,77
11,193
11,69
11,76
11,71
11,70
11,79
11,196
11,85
11,84
11,82
11,200
11,86
11,231
11,91
11,99
11,98
11,93
11,97
11,105
11,117
11,107
11,96
11,112
11,83
11,103
11,116
11,114
11,118
11,120
11,221
11,126
11,125
11,95
11,94
11,127
11,208
11,101
11,220
11,106
11,235
11,100
11,111
0,608
0,607
0,606
0,605
0,604
0,603
0,602
0,601
0,600
0,599
0,598
0,597
0,596
0,595
0,594
0,593
0,592
0,591
0,590
0,589
0,588
0,587
0,586
0,585
0,584
0,583
0,582
0,581
0,580
0,579
0,578
0,577
0,576
0,490
0,489
0,488
0,487
0,486
0,485
0,484
0,483
0,482
0,481
0,480
0,479
0,478
0,477
0,476
0,475
0,474
0,473
0,472
0,471
0,470
0,469
0,468
0,467
0,466
0,465
9,210
9,292
9,289
9,290
9,209
9,208
9,291
9,37
9,287
9,207
9,206
9,283
9,288
9,32
9,284
9,205
9,286
9,54
9,285
9,40
9,204
9,203
9,282
9,202
9,276
9,201
9,280
9,281
9,53
9,200
9,199
9,279
9,198
9,197
9,275
9,278
9,12
9,277
9,18
9,196
9,269
9,195
9,273
9,194
9,274
9,49
9,193
9,270
9,272
9,271
9,265
9,27
9,258
9,268
9,267
9,266
9,261
9,264
9,263
9,22
9,262
9,256
9,260
9,259
9,56
9,257
9,60
9,13
9,57
9,51
9,39
9,46
9,42
9,34
9,29
9,24
9,19
9,14
9,10
9,5
9,4
9,69
9,73
9,83
9,92
9,96
9,71
9,82
9,61
9,77
9,81
9,85
9,94
9,97
0,542
0,541
0,540
0,539
0,538
0,537
0,536
0,535
0,534
0,533
0,532
0,531
0,530
0,529
0,528
0,527
0,526
0,525
0,524
0,523
0,522
0,521
0,520
0,519
0,518
0,517
0,516
0,515
0,514
0,513
0,512
23,4
23,3
23,2
23,1
23,0
22,4
22,3
22,2
22,1
22,0
21,4
21,3
21,2
21,1
21,0
20,5
20,4
20,3
20,2
20,1
20,0
19,206
19,205
0,464
19,204
19,263
0,463
19,203
0,462
19,202
19,201
0,461
19,200
19,260
19,199
19,198
0,460
19,197
19,196
0,459
19,195
19,258
0,458
19,194
19,193
19,127
19,126
0,457
19,257
19,125
19,124
19,123
0,456
19,122
0,455
19,121
19,132
19,120
0,454
19,119
19,118
19,192
0,453
19,117
0,452
19,130
19,116
0,451
19,115
19,114
19,113
0,450
19,128
19,112
19,111
0,449
19,110
0,448
19,109
19,108
19,107
19,106
19,62
19,105
19,104
19,103
19,102
19,61
19,101
19,100
19,99
19,97
19,96
19,94
19,92
19,91
19,56
19,89
19,88
19,85
19,80
19,53
19,78
19,77
19,73
19,72
19,70
19,49
19,69
19,68
0,447
0,446
19,64
19,45
0,445
19,46
19,43
0,444
19,42
19,41
19,40
0,443
19,37
19,33
0,442
19,35
0,441
19,27
19,30
19,29
0,440
19,26
19,25
19,24
0,439
19,18
0,438
19,22
19,19
0,437
19,16
19,12
19,14
0,436
0,435
19,10
19,7
0,434
19,6
19,5
19,3
19,2
19,1
19,0
0,433
0,432
0,431
0,430
18,4
18,3
18,2
0,429
18,1
18,0
0,428
0,427
0,426
2,5
2,4
0,425
0,424
17,4
17,3
17,2
0,423
17,1
17,0
16,261
16,185
16,220
16,260
16,183
0,422
16,259
16,219
16,258
16,257
16,256
16,191
16,190
16,218
16,189
16,187
16,217
16,143
16,186
16,174
16,176
16,216
0,421
16,215
16,214
16,181
16,169
16,180
16,179
16,213
16,178
16,212
16,166
0,420
16,173
16,154
16,172
16,211
16,210
16,170
16,160
16,209
16,168
16,90
16,167
16,208
16,157
16,165
0,419
16,207
16,206
16,163
16,161
16,145
16,138
16,205
16,204
16,147
16,203
0,418
16,108
16,202
16,201
16,150
16,148
16,200
16,199
0,417
16,198
16,197
16,102
16,139
16,196
16,127
16,135
16,195
16,194
16,133
16,119
0,416
16,131
16,193
16,114
16,192
16,68
16,126
16,125
16,124
16,123
16,121
16,120
0,415
16,115
16,113
16,112
16,109
16,107
16,106
16,104
16,103
0,414
16,100
16,97
16,80
16,93
16,67
16,89
16,84
0,413
16,83
16,81
16,79
16,78
16,75
16,72
16,70
16,66
0,412
16,64
16,62
16,60
16,58
16,56
16,51
0,411
16,49
16,47
16,44
16,41
16,37
16,33
0,410
16,30
16,28
16,26
16,17
16,14
16,13
16,12
16,11
0,409
0,408
0,407
0,406
0,405
16,3
16,2
0,404
16,1
16,0
0,403
0,402
0,401
15,3
15,2
0,400
15,1
15,0
14,12
14,11
14,10
0,399
14,9
0,398
14,8
14,7
0,397
0,396
0,395
14,6
14,5
14,4
14,3
14,2
0,394
14,1
14,0
0,393
0,392
0,391
0,390
0,389
13,3
13,2
0,388
13,1
13,0
0,387
0,386
0,385
0,384
0,383
12,4
12,3
12,2
0,382
12,1
12,0
11,244
11,124
11,122
11,243
0,381
11,242
11,281
11,280
11,239
11,238
11,237
11,236
11,273
11,272
0,380
11,234
11,232
11,92
11,270
11,230
11,108
11,229
11,226
11,225
11,224
11,222
11,121
11,267
11,266
11,265
11,264
11,218
0,379
0,378
11,260
11,212
11,102
11,259
11,258
11,257
11,256
11,209
11,191
11,190
0,377
11,104
11,189
11,188
11,187
11,123
11,202
11,186
11,185
11,184
11,183
11,182
0,376
11,181
11,180
11,179
11,178
11,119
11,177
11,176
11,175
11,174
11,173
11,172
11,171
0,375
11,170
11,169
11,168
11,167
11,113
11,166
11,109
11,165
11,164
11,163
11,162
11,110
11,161
11,115
11,160
0,374
11,159
11,87
11,158
11,157
11,156
11,155
11,154
11,153
11,152
11,151
11,90
11,150
11,149
0,373
11,148
11,147
11,146
11,145
11,144
11,143
11,142
11,141
11,140
11,139
0,372
11,138
11,137
11,136
11,135
11,134
11,89
11,133
11,88
11,132
11,131
11,130
11,129
0,371
11,128
11,81
11,80
11,78
11,75
11,74
11,73
11,72
11,68
11,67
11,66
11,65
0,370
11,64
11,61
11,57
11,54
11,52
11,51
11,49
11,45
11,44
11,43
11,41
11,40
11,39
0,369
11,38
11,23
11,22
11,21
11,20
11,19
11,18
11,17
11,16
11,15
11,14
11,13
11,12
0,368
0,367
0,366
11,3
11,2
0,365
11,1
11,0
0,364
0,363
0,362
0,361
0,360
10,4
10,3
10,2
0,359
10,1
10,0
0,358
9,192
9,98
9,145
9,144
9,99
9,95
0,357
9,143
9,142
9,91
9,141
9,93
0,356
9,140
9,139
9,90
9,138
0,355
9,84
9,137
9,88
9,89
9,136
9,135
9,87
0,354
9,134
9,133
9,86
0,353
9,132
9,131
9,130
0,352
9,129
9,78
9,128
9,80
9,79
0,351
9,66
9,76
9,75
9,74
9,72
0,350
9,70
9,64
9,68
9,67
0,349
9,65
9,63
9,62
0,348
9,59
9,58
9,55
0,347
9,52
9,50
9,48
0,346
9,47
9,45
9,44
0,345
9,43
9,41
9,38
9,36
9,35
0,344
9,33
9,31
9,30
9,28
0,343
9,26
9,25
9,23
9,21
0,342
9,20
9,17
9,16
9,15
0,341
9,11
9,9
9,8
9,7
9,6
0,340
0,339
0,338
0,337
0,336
9,3
9,2
0,335
9,1
9,0
0,334
0,333
0,332
8,5
8,4
8,3
8,2
0,331
8,1
8,0
0,330
0,329
0,328
0,327
0,326
7,3
7,2
0,325
7,1
7,0
0,324
0,323
0,322
0,321
6,3
6,2
0,320
6,1
6,0
0,319
0,318
0,317
5,4
5,3
5,2
5,1
5,0
4,2
3,6
3,5
4,1
3,4
4,3
3,3
4,0
3,2
3,1
3,0
2,2
1,2
1,3
1,1
2,1
2,3
1,0
2,0
0,243
0,9
0,310
0,305
0,308
0,304
0,303
0,302
0,307
0,12
0,10
0,8
0,0
0,300
0,299
0,298
0,297
0,296
0,295
0,294
0,293
0,292
0,291
0,290
0,289
0,288
0,287
0,286
0,285
0,284
0,283
0,282
0,281
0,280
0,279
0,278
0,277
0,276
0,275
0,274
0,273
0,272
0,271
0,270
0,269
0,268
0,267
0,266
0,265
0,264
0,263
0,262
0,261
0,260
0,259
0,258
0,257
0,256
0,255
0,254
0,253
0,252
0,251
0,250
0,249
0,248
0,247
0,246
0,245
0,244
0,242
0,241
0,240
0,239
0,238
0,237
0,236
0,235
0,234
0,233
0,232
0,231
0,230
0,229
0,228
0,227
0,226
0,225
0,224
0,223
0,222
0,221
0,220
0,219
0,218
0,217
0,216
0,215
0,214
0,213
0,212
0,211
0,210
0,209
0,208
0,207
0,206
0,205
0,204
0,203
0,202
0,201
0,200
0,199
0,198
0,197
0,196
0,195
0,194
0,193
0,192
0,63
0,62
0,61
0,60
0,59
0,58
0,57
0,56
0,55
0,54
0,53
0,316
0,52
0,315
0,51
0,314
0,50
0,313
0,49
0,312
0,48
0,311
0,47
0,309
0,46
0,306
0,45
0,301
0,6
0,5
0,1
0,11
0,4
0,2
0,3
0,7
